 00100000000010000000000000100000
00100000000010010000000000010000
00000001000010010101000000100100
00000001000010010101100000100101
00000001000010010110000000100111
00000001000010010110100000100000
00000001000010010111000000100010
00000001000010010111100000101010
00000001001010001000000000101010
10101101000010010000000000001000
00000000000000000000000000010000
00001000000000000000000000001111
00111100000000010000000000000000
00110100001000011101111010101101
00000000000000011010000000100000
00100000000101000000000100101000
00010101001000000000000000000001
00000000000000000000000000001101
00000001000010010000000000011010
00000000000000001010100000010010
00000000000000001011000000010000
00000000000000001011100000010010
00000001000010010000000000011000
00000000000000001100000000010000
00000000000000001100100000010010
00010010001010010000000000000010
00100000000100100000000000010010
00010110001010000000000000000001
00100000000100100000000000010010
00100000000100110000000000001000
